-1.732058 -1.732058 -1.732058
0.000000 0.000000 0.000000
1.732058 1.732058 1.732058

-1.732058 -1.732058 -1.732058
0.000000 0.000000 0.000000
1.732058 1.732058 1.732058

-1.732058 -1.732058 -1.732058
0.000000 0.000000 0.000000
1.732058 1.732058 1.732058

-1.732058 0.000000 1.732058
-1.732058 0.000000 1.732058
-1.732058 0.000000 1.732058

-1.732058 0.000000 1.732058
-1.732058 0.000000 1.732058
-1.732058 0.000000 1.732058

-1.732058 0.000000 1.732058
-1.732058 0.000000 1.732058
-1.732058 0.000000 1.732058

-1.732058 -1.732058 -1.732058
-1.732058 -1.732058 -1.732058
-1.732058 -1.732058 -1.732058

0.000000 0.000000 0.000000
0.000000 0.000000 0.000000
0.000000 0.000000 0.000000

1.732058 1.732058 1.732058
1.732058 1.732058 1.732058
1.732058 1.732058 1.732058

0.295409 1.181636 0.295409 

5.568328