1.000000 -0.000064 -0.001329 -0.020000 0.200000 
0.000000 0.789938 -0.279580 0.000000 0.000000 
0.000000 0.179218 0.970948 0.000000 0.000000 
0.000000 0.018623 0.198027 1.000000 0.000000 
0.000000 -0.001265 -0.019900 -0.200000 1.000000 

-0.000003 
0.179218 
0.018623 
0.001265 
-0.000064 

0.000000 -0.000003 -0.000067 -0.001333 0.020000 
0.000000 0.179218 -0.029052 0.000000 0.000000 
0.000000 0.018623 0.198027 0.000000 0.000000 
0.000000 0.001265 0.019900 0.200000 0.000000 
0.000000 -0.000064 -0.001329 -0.020000 0.200000 

0.000000 0.000000 0.000000 1.000000 0.000000 
0.000000 0.000000 0.000000 0.000000 0.026180 

0.000000 0.000000 0.000000 0.000000 0.000000 
0.000000 0.000000 0.000000 0.000000 0.000000 
0.000000 0.000000 0.000000 0.000000 0.000000 
0.000000 0.000000 0.000000 45.000000 0.000000 
0.000000 0.000000 0.000000 0.000000 116722.003556 

4.000000 0.000000 
0.000000 9.000000 

